972224
1304000
1851907
2138003
3137106
3191263
3516108
3884209
4142258
4170006
5195060
5285332
5892159
6198249
7325457
7439811
7861296
8054446
9333097
9694565
10382454
11234117
11297846
12560842
12878974
14544204
14810312
15916115
15928088
16851308
18579654
18640711
18692674
18831740
19677783
20200448
22583144
23394334
25400068
26831645
27719347
27898767
27904601
28007243
28963589
29465120
31150150
31230332
36404534
36851714
36935086
37192559
37271516
37278273
37479107
38194890
38587559
38921541
38940563
39253863
40365407
40404070
41532715
42692422
42987176
43030125
43305841
44465742
44966556
45714955
46760812
47338460
49577228
50102504
51035012
51518855
53500107
54615466
54615552
54651935
54955984
55659019
55735937
55823994
57570236
57803107
57931026
57931298
59779797
61293842
61678115
62047526
63840352
64258938
66130974
67067122
68295351
69814458
71807632
74684978
77567458
79239914
80858835
444008
576655
606041
709501
853236
950285
1051846
1063513
1072697
1083426
1125324
1239064
1547870
1702826
2002653
2136863
2234431
2327017
2350582
2735035
2976331
3108296
3132754
3137139
3842744
4012858
4229826
4288487
4489671
4596654
4744827
5001467
5141126
5516602
5755066
5755319
5756126
5756683
5756883
5757945
5758390
5768731
5770680
5771893
5773044
5773726
5774053
5775226
5776446
5780369
5780433
5781723
5782006
5783251
5783363
5795314
5797454
5802968
5810115
5810631
5812941
5813159
5814056
5814219
5814843
5816255
5817571
5838236
5838379
5838513
5841143
5841510
5844333
5852001
5852508
5853918
5856009
5856945
5858758
5868565
5870042
5871792
5872591
5873024
5873450
5874037
5874312
5879778
5882031
5883630
5884414
5885722
5885871
5950372
5972048
6140845
6145907
6148600
6149138
6151106
6160615
6162237
6169435
6169706
6170161
6172171
6172950
6176401
6177101
6187122
6188587
6190178
6200701
6201699
6206084
6209465
6216486
6218922
6221714
6551392
6553254
6641258
6645789
6646097
6669191
6687765
6689322
6690954
6788978
6813054
6899341
7049458
7049803
7121665
7271588
7602374
7611041
7694393
7877623
7998378
8055881
8057761
8298604
8480546
8529009
8971185
9038352
9162364
9421740
9472040
9504425
9779845
9901359
10366737
10370219
11360566
11434102
11502883
11563987
11676135
12001986
12004624
12175971
12192850
12367059
12506310
12641275
12764211
12764215
12764217
12764244
12854488
12854493
12854499
12854515
12854526
12854530
12854538
12854546
12854558
12854567
12854572
12854577
12854621
12854625
12854631
12854638
12854642
12854646
12854657
12854678
12854682
12854687
12854694
12854703
13337000
13542949
13790721
13795207
13924040
14533291
14761434
15063709
15075913
15081616
15081793
15670933
16694605
17405072
17592412
17913836
17936287
18055458
18055906
18221382
18426935
18460067
18460225
18475093
18587017
18598619
18972891
18984034
19012202
19080354
19274700
19390384
19490159
19493199
19595537
19905153
20105745
20105747
20116136
21150107
21155899
21808444
22074084
22172926
22211423
22428523
22428524
22542630
22551925
22644703
22672262
22713507
22864769
22870686
23006575
23016539
23053507
23071038
23419272
23471793
23481700
23485730
23523953
23754129
23797839
23830428
23901278
24341227
24408474
24932346
24989675
25505932
25819914
25888824
25903703
26255432
26336647
26430859
26431288
26431298
26501090
26539210
27319464
27701445
27860706
27886688
27929806
28045942
28332910
28462339
28550597
28696693
28703044
28963717
29216993
29229049
29416582
29579354
29687894
29690515
29853745
29991666
30712387
30833939
30838572
31812039
31847491
31910766
31910951
32148159
32259408
32509673
32600380
32604632
32745598
32786517
32844900
33045343
33050296
33964814
34284328
34528256
34564033
34564177
34610517
34998364
35431373
35701567
36314815
36620535
36676943
36843351
36907509
37121204
37522313
37677672
38359889
38992507
39335793
39356917
39378071
39736945
40176127
40183394
40219777
40352009
40725467
41110630
41171959
41257608
41339251
41443350
41768074
41865220
41888563
41924789
41961771
42187577
42336692
42563388
42692360
42805588
42924997
42951358
43126425
43266676
43359216
43375229
43451274
43465331
43602802
43917482
44073643
44211969
44254026
45119410
45456184
46288610
46578343
46646400
46917703
47047650
47413955
47413957
47413960
47473870
48453400
48550785
48728681
49086844
49122199
49454228
50335193
50792693
50929974
51765899
51768948
51960578
52050009
52895756
52931000
53256550
53378731
53503394
53730139
53749191
53771490
53935825
54096943
54659227
54713987
55246154
55256473
55676424
55964224
56118790
56119324
56147797
56205660
56210145
56211536
56406214
56432110
56520353
56658237
56978931
57284313
57512562
57993468
58643470
58654608
58654643
58842681
59013181
59025565
59060144
59152199
60143837
60339151
60362947
60378647
60961447
61250674
61625115
61631777
61643848
61710410
61782198
61882282
61987918
62067039
62161080
62431929
62442049
62866865
62890386
63614355
63654840
63672847
63771890
63901818
64034199
64269217
64272357
64393955
65163131
65689442
65823897
65886643
65906523
65945629
65970228
66492102
66744956
66830586
67028441
67127956
67127966
67677304
67796550
67888800
68202606
68279225
68345977
68550357
69557842
69587047
70382225
70422151
70872089
71357552
71558863
72194819
72309239
72558799
72685996
72702088
72739401
72950230
72951541
73017996
73472254
73650753
73750241
73811403
74649989
75022367
75022393
75125784
75333914
75783016
75787359
76401256
76426872
77192126
77630877
77930733
78037873
78580521
79602650
79643638
80062229
80092876
80510314
80533367
80558135
80559908
80716432
80927839
81137703
81229890
81285273
81319530
82125919
82493255
83234171
83266776
83401309
83401626
83421743
83468451
83522758
83594254
86336
86343
186458
195413
225719
309563
386148
673353
1700919
2215254
2549393
3625631
3994421
4085437
4099604
4099614
4189422
4297844
4649837
4976457
6079563
6168738
6313123
7076297
10512881
11053164
11223689
12234429
12758998
13020896
15024589
16517990
16845958
18928235
19357668
19762807
21347005
24551486
27880019
28355079
28909576
30264478
31791052
32187408
32978020
33173392
33173400
33173701
33219026
33428721
33436576
33730084
33734865
33749216
33749440
33751346
33792298
33816904
34139861
34140216
34674165
34913917
36032740
36414062
36414148
36415005
36496340
36519420
36520028
36520275
36520525
36531112
36548525
37464445
37931342
38155052
38366144
38830945
39617064
40609284
40609330
42016037
42671567
42671775
42961356
43009175
43238234
43480052
43701620
44029514
44497825
44656023
46321311
47656359
47719910
47976111
48046407
50221117
50261683
52497214
52578223
52651230
53057573
53360480
53542710
54105573
54198722
54625218
56012852
56128288
56722150
57337041
58216225
59406492
61846395
64418595
64686038
64986402
65220689
65468151
66182156
66182171
66214370
66434346
66434827
66478237
66484844
66484854
66541036
66541047
66561920
66574433
66754849
66756621
66821457
66912461
66921372
66921380
66993730
67006973
67021361
67031822
67038742
67049433
67060023
67060036
67070719
67077562
67100001
67153172
67162874
67179071
67230493
67230503
67243494
68263927
70125229
70733838
71289551
72509482
72514156
72592399
72592408
72673184
72807174
72818961
72820768
72949768
72999502
73038953
73042684
73048734
73048983
73129805
73199142
73890728
73933316
74211335
74599186
75509075
76717105
77212466
78325950
79146094
79169605
79192477
79272934
81177774
83011949
